1, READING REAXFF FORCE FIELD FILE: ffield ...
FFIELD: 39 GENERAL, 4 ATOM, 10 BOND, 6 OFF-DIAG, 40 ANGLES, 42 TORSION, and 4 H-BONDS
FFIELD: 967 parameters
1: GENERAL PARAMETERS [39]
GENERAL: [1 ] 50.0000
GENERAL: [2 ]  9.5469
GENERAL: [3 ]  1.6725
GENERAL: [4 ]  1.7224
GENERAL: [5 ]  6.8702
GENERAL: [6 ] 60.4850
GENERAL: [7 ]  1.0588
GENERAL: [8 ]  4.6000
GENERAL: [9 ] 12.1176
GENERAL: [10] 13.3056
GENERAL: [11]-20.0000
GENERAL: [12]  0.0000
GENERAL: [13] 10.0000
GENERAL: [14]  2.8793
GENERAL: [15] 33.8667
GENERAL: [16]  6.0891
GENERAL: [17]  1.0563
GENERAL: [18]  2.0384
GENERAL: [19]  6.1431
GENERAL: [20]  6.9290
GENERAL: [21]  0.3989
GENERAL: [22]  3.9954
GENERAL: [23] -2.4837
GENERAL: [24]  5.7796
GENERAL: [25] 10.0000
GENERAL: [26]  1.9487
GENERAL: [27] -1.2327
GENERAL: [28]  2.1645
GENERAL: [29]  1.5591
GENERAL: [30]  0.1000
GENERAL: [31]  1.7602
GENERAL: [32]  0.6991
GENERAL: [33] 50.0000
GENERAL: [34]  1.8512
GENERAL: [35]  0.0000
GENERAL: [36]  1.0000
GENERAL: [37]  5.0000
GENERAL: [38]  0.0000
GENERAL: [39]  0.7903
2: ATOM PARAMETERS [136]
-- 1--  C
[  40]  1.3727 [  41]  4.0000 [  42] 12.0000 [  43]  2.0270 [  44]  0.1113 [  45]  0.5516 [  46]  1.1706 [  47]  4.0000 
[  48]  8.7696 [  49]  4.5389 [  50]  4.0000 [  51] 30.0000 [  52] 79.5548 [  53]  4.4087 [  54]  7.0601 [  55]  0.0000 
[  56]  1.1168 [  57]  0.0000 [  58]181.0000 [  59] 14.5210 [  60] 24.9431 [  61]  6.7313 [  62]  0.8563 [  63]  0.0000 
[  64] -6.7437 [  65]  5.6329 [  66]  1.0564 [  67]  4.0000 [  68]  2.9663 [  69]  1.6737 [  70]  0.1421 [  71] 14.0707 
[  72]  0.0001 [  73]  1.9255 
-- 2--  H
[  74]  0.8924 [  75]  1.0000 [  76]  1.0080 [  77]  1.6791 [  78]  0.0709 [  79]  0.7390 [  80] -0.1000 [  81]  1.0000 
[  82]  8.3519 [  83] 39.1732 [  84]  1.0000 [  85]  0.0000 [  86]121.1250 [  87]  3.5442 [  88]  9.3848 [  89]  1.0000 
[  90] -0.1000 [  91]  0.0000 [  92] 61.6606 [  93]  2.8222 [  94]  2.1441 [  95]  0.0003 [  96]  1.0698 [  97]  0.0000 
[  98]-18.1423 [  99]  5.3143 [ 100]  1.0338 [ 101]  1.0000 [ 102]  2.8793 [ 103]  1.2669 [ 104]  0.0139 [ 105] 12.4538 
[ 106]  0.0001 [ 107]  1.4430 
-- 3--  O
[ 108]  1.2450 [ 109]  2.0000 [ 110] 15.9990 [ 111]  2.3396 [ 112]  0.1000 [ 113]  1.1000 [ 114]  1.0548 [ 115]  6.0000 
[ 116]  9.3187 [ 117] 12.5083 [ 118]  4.0000 [ 119] 37.5000 [ 120]116.0768 [ 121]  8.5000 [ 122]  8.4783 [ 123]  2.0000 
[ 124]  0.9049 [ 125]  0.1000 [ 126] 59.0626 [ 127]  3.4340 [ 128]  0.7722 [ 129]  0.0021 [ 130]  0.9745 [ 131]  0.0000 
[ 132] -3.5352 [ 133]  3.2703 [ 134]  1.0493 [ 135]  4.0000 [ 136]  2.9225 [ 137]  1.7221 [ 138]  0.1670 [ 139] 13.9991 
[ 140]623.8417 [ 141]  1.7500 
-- 4--  N
[ 142]  1.2333 [ 143]  3.0000 [ 144] 14.0000 [ 145]  1.9690 [ 146]  0.1513 [ 147]  1.0000 [ 148]  1.1748 [ 149]  5.0000 
[ 150]  8.8823 [ 151]  9.1048 [ 152]  4.0000 [ 153] 32.4838 [ 154]100.0000 [ 155]  6.6335 [ 156]  7.1473 [ 157]  2.0000 
[ 158]  1.0433 [ 159]  2.3175 [ 160]119.9837 [ 161]  0.4648 [ 162]  9.7074 [ 163]  2.2521 [ 164]  0.9745 [ 165]  0.0000 
[ 166] -7.0000 [ 167]  4.0000 [ 168]  1.0183 [ 169]  4.0000 [ 170]  2.8793 [ 171]  1.5967 [ 172]  0.1649 [ 173] 13.9888 
[ 174]1240.0010 [ 175]  1.8300 
>> Done with ATOM interaction (4 types and 175 parameters)
3: 2-BODY PARAMETERS [160]
  1:   1-1 
[ 176] 91.8588 [ 177]120.2415 [ 178] 50.6788 [ 179]  0.3723 [ 180] -0.1000 [ 181]  1.0000 [ 182] 34.6637 [ 183]  0.7015 
[ 184]  6.8558 [ 185] -0.1605 [ 186]  7.9139 [ 187]  1.0000 [ 188] -0.0719 [ 189]  6.9788 [ 190]  1.0000 [ 191]  0.0000 
  2:   1-2 
[ 192]185.8889 [ 193]  0.0000 [ 194]  0.0000 [ 195] -0.5074 [ 196]  0.0000 [ 197]  1.0000 [ 198]  6.0000 [ 199]  0.6970 
[ 200]  8.2974 [ 201]  1.0000 [ 202]  0.0000 [ 203]  1.0000 [ 204] -0.0809 [ 205]  6.3908 [ 206]  0.0000 [ 207]  0.0000 
  3:   2-2 
[ 208]165.6186 [ 209]  0.0000 [ 210]  0.0000 [ 211] -0.4194 [ 212]  0.0000 [ 213]  1.0000 [ 214]  6.0000 [ 215]  0.6197 
[ 216]  6.3245 [ 217]  1.0000 [ 218]  0.0000 [ 219]  1.0000 [ 220] -0.0879 [ 221]  6.0634 [ 222]  0.0000 [ 223]  0.0000 
  4:   1-3 
[ 224]149.3194 [ 225]116.3624 [ 226]101.9250 [ 227] -0.6208 [ 228] -0.3642 [ 229]  1.0000 [ 230] 18.8881 [ 231]  0.7946 
[ 232]  0.4313 [ 233] -0.4379 [ 234]  7.6904 [ 235]  1.0000 [ 236] -0.1773 [ 237]  4.8812 [ 238]  0.0000 [ 239]  0.0000 
  5:   2-3 
[ 240]159.4722 [ 241]  0.0000 [ 242]  0.0000 [ 243] -0.5725 [ 244]  0.0000 [ 245]  1.0000 [ 246]  6.0000 [ 247]  0.5505 
[ 248]  1.1150 [ 249]  1.0000 [ 250]  0.0000 [ 251]  0.0000 [ 252] -0.0920 [ 253]  4.2790 [ 254]  0.0000 [ 255]  0.0000 
  6:   3-3 
[ 256]142.2858 [ 257] 85.0000 [ 258]  0.0000 [ 259]  0.2506 [ 260] -0.1000 [ 261]  1.0000 [ 262] 29.7503 [ 263]  0.6051 
[ 264]  0.3451 [ 265] -0.1055 [ 266]  9.0000 [ 267]  1.0000 [ 268] -0.1225 [ 269]  5.5000 [ 270]  1.0000 [ 271]  0.0000 
  7:   1-4 
[ 272]194.7541 [ 273] 88.7334 [ 274] 62.9228 [ 275] -1.6676 [ 276] -0.1819 [ 277]  1.0000 [ 278] 28.4654 [ 279]  0.2106 
[ 280]  0.0228 [ 281] -0.3690 [ 282]  6.5560 [ 283]  1.0000 [ 284] -0.2971 [ 285]  4.6225 [ 286]  1.0000 [ 287]  0.0000 
  8:   3-4 
[ 288]128.8596 [ 289]167.8643 [ 290] 40.0000 [ 291]  0.3819 [ 292] -0.1539 [ 293]  1.0000 [ 294] 34.9972 [ 295]  0.1900 
[ 296]  1.0110 [ 297] -0.3716 [ 298]  7.0805 [ 299]  1.0000 [ 300] -0.1265 [ 301]  6.8843 [ 302]  1.0000 [ 303]  0.0000 
  9:   4-4 
[ 304]160.1592 [ 305] 82.5526 [ 306]153.9884 [ 307]  0.4110 [ 308] -0.0934 [ 309]  1.0000 [ 310] 12.4304 [ 311]  0.5899 
[ 312]  0.1538 [ 313] -0.1473 [ 314] 11.9187 [ 315]  1.0000 [ 316] -0.0753 [ 317]  5.4371 [ 318]  1.0000 [ 319]  0.0000 
 10:   2-4 
[ 320]174.3736 [ 321]  0.0000 [ 322]  0.0000 [ 323] -0.3003 [ 324]  0.0000 [ 325]  1.0000 [ 326]  6.0000 [ 327]  0.5976 
[ 328]  0.5289 [ 329]  1.0000 [ 330]  0.0000 [ 331]  1.0000 [ 332] -0.1960 [ 333]  5.2138 [ 334]  0.0000 [ 335]  0.0000 
>> Done with 2-BODY interactions (10 types and 335 parameters)
4: 2-BODY OFF-DIAGONAL PARAMETERS [42]
  1:   1-2 
[ 336]  0.1165 [ 337]  1.3851 [ 338]  9.9415 [ 339]  1.1475 [ 340] -1.0000 [ 341] -1.0000 [ 342]  0.0000 
  2:   1-3 
[ 343]  0.0697 [ 344]  2.0716 [ 345]  9.6540 [ 346]  1.4310 [ 347]  1.1591 [ 348]  1.0781 [ 349]631.8500 
  3:   2-3 
[ 350]  0.0283 [ 351]  1.2853 [ 352] 10.9173 [ 353]  0.9259 [ 354] -1.0000 [ 355] -1.0000 [ 356]  0.0000 
  4:   1-4 
[ 357]  0.1261 [ 358]  1.9631 [ 359]  9.7006 [ 360]  1.3387 [ 361]  1.2586 [ 362]  1.1688 [ 363]650.0000 
  5:   2-4 
[ 364]  0.1154 [ 365]  1.4616 [ 366]  9.1198 [ 367]  1.0731 [ 368] -1.0000 [ 369] -1.0000 [ 370]294.9500 
  6:   3-4 
[ 371]  0.1819 [ 372]  1.8000 [ 373]  9.4170 [ 374]  1.4262 [ 375]  1.0546 [ 376]  1.2607 [ 377]880.0000 
>> Done with Off-diag interactions (6 types and 377 parameters)
5: 3-BODY PARAMETERS [280]
  1:   1  1  1
[ 378] 66.0347 [ 379] 45.0000 [ 380]  1.1248 [ 381]  0.0000 [ 382]  3.0000 [ 383] 70.0000 [ 384]  2.4142 
  2:   1  1  2
[ 385] 58.9292 [ 386] 15.1099 [ 387]  4.4631 [ 388]  0.0000 [ 389]  0.0287 [ 390]  0.0000 [ 391]  1.8837 
  3:   2  1  2
[ 392] 64.1492 [ 393] 18.6633 [ 394]  1.9552 [ 395]  0.0000 [ 396]  3.0000 [ 397]  0.0000 [ 398]  1.0010 
  4:   1  2  2
[ 399]  0.0000 [ 400]  0.0000 [ 401]  6.0000 [ 402]  0.0000 [ 403]  0.0000 [ 404]  0.0000 [ 405]  1.0400 
  5:   1  2  1
[ 406]  0.0000 [ 407]  7.5000 [ 408]  5.0000 [ 409]  0.0000 [ 410]  0.0000 [ 411]  0.0000 [ 412]  1.0400 
  6:   2  2  2
[ 413]  0.0000 [ 414] 27.9213 [ 415]  5.8635 [ 416]  0.0000 [ 417]  0.0000 [ 418]  0.0000 [ 419]  1.0400 
  7:   1  1  3
[ 420] 54.0809 [ 421] 41.4741 [ 422]  0.7503 [ 423]  0.0000 [ 424]  4.0000 [ 425] 58.6562 [ 426]  1.6592 
  8:   3  1  3
[ 427] 70.8589 [ 428] 10.0656 [ 429]  7.5000 [ 430]-17.8180 [ 431]  1.1419 [ 432]  0.0000 [ 433]  1.4986 
  9:   1  1  4
[ 434] 54.9449 [ 435] 38.0899 [ 436]  0.5948 [ 437]  0.0000 [ 438]  1.4838 [ 439]  0.0000 [ 440]  1.5862 
 10:   3  1  4
[ 441] 86.4061 [ 442] 17.5133 [ 443]  2.2425 [ 444]  0.0000 [ 445]  0.4036 [ 446] 32.5000 [ 447]  1.3710 
 11:   4  1  4
[ 448] 69.6085 [ 449]  2.5000 [ 450]  0.1000 [ 451]  0.0000 [ 452]  0.9683 [ 453]  0.0000 [ 454]  1.5523 
 12:   2  1  3
[ 455] 50.0000 [ 456] 23.3223 [ 457]  1.0888 [ 458]  0.0000 [ 459]  0.1000 [ 460]  0.0000 [ 461]  1.5647 
 13:   2  1  4
[ 462] 75.3048 [ 463]  9.9497 [ 464]  2.4268 [ 465]  0.0000 [ 466]  0.1000 [ 467]  0.0000 [ 468]  1.5478 
 14:   1  3  1
[ 469] 67.5685 [ 470]  2.5000 [ 471]  0.2057 [ 472]  0.0000 [ 473]  2.2753 [ 474]  0.0000 [ 475]  2.0649 
 15:   1  3  3
[ 476] 82.8564 [ 477] 45.0000 [ 478]  1.5233 [ 479]  0.0000 [ 480]  1.1034 [ 481] 68.1072 [ 482]  1.6192 
 16:   1  3  4
[ 483] 87.0300 [ 484] 18.3166 [ 485]  1.0893 [ 486]  0.0000 [ 487]  3.0479 [ 488]  0.0000 [ 489]  1.0825 
 17:   3  3  3
[ 490] 90.0000 [ 491] 21.1742 [ 492]  1.8914 [ 493]  0.0000 [ 494]  1.6310 [ 495] 50.0000 [ 496]  1.0000 
 18:   3  3  4
[ 497] 83.9925 [ 498] 27.3343 [ 499]  1.0888 [ 500]  0.0000 [ 501]  2.6572 [ 502]  0.0000 [ 503]  1.2246 
 19:   4  3  4
[ 504] 73.3858 [ 505] 43.0000 [ 506]  1.1230 [ 507]  0.0000 [ 508]  3.0072 [ 509]  0.0000 [ 510]  1.0000 
 20:   1  3  2
[ 511] 90.0000 [ 512]  9.5520 [ 513]  1.7468 [ 514]  0.0000 [ 515]  1.2146 [ 516]  0.0000 [ 517]  3.0000 
 21:   2  3  3
[ 518] 80.0453 [ 519] 50.0000 [ 520]  2.5336 [ 521]  0.0000 [ 522]  3.0000 [ 523]  0.0000 [ 524]  1.0821 
 22:   2  3  4
[ 525] 75.6278 [ 526] 14.6992 [ 527]  5.3049 [ 528]  0.0000 [ 529]  0.2502 [ 530]  0.0000 [ 531]  2.5848 
 23:   2  3  2
[ 532] 85.7876 [ 533]  9.3298 [ 534]  2.0747 [ 535]  0.0000 [ 536]  2.8632 [ 537]  0.0000 [ 538]  1.6905 
 24:   1  4  1
[ 539] 81.5674 [ 540] 13.5526 [ 541]  1.5408 [ 542]  0.0000 [ 543]  2.7249 [ 544]  0.0000 [ 545]  2.3448 
 25:   1  4  3
[ 546] 88.9691 [ 547]  8.9607 [ 548]  4.6383 [ 549]  0.0000 [ 550]  2.1900 [ 551]  0.0000 [ 552]  3.0000 
 26:   1  4  4
[ 553] 70.1079 [ 554] 13.1213 [ 555]  2.4301 [ 556]  0.0000 [ 557]  2.9290 [ 558]  0.0000 [ 559]  3.0000 
 27:   3  4  3
[ 560] 74.5618 [ 561] 45.0000 [ 562]  1.0990 [ 563]-18.0069 [ 564]  3.0584 [ 565]  0.0000 [ 566]  1.0000 
 28:   3  4  4
[ 567] 79.9166 [ 568] 45.0000 [ 569]  0.8725 [ 570] -0.9193 [ 571]  3.0760 [ 572]  0.0000 [ 573]  1.0000 
 29:   4  4  4
[ 574] 76.2179 [ 575] 30.5403 [ 576]  1.5752 [ 577]  0.0000 [ 578]  2.9239 [ 579]  0.0000 [ 580]  2.5095 
 30:   1  4  2
[ 581] 78.9698 [ 582]  8.3913 [ 583]  1.8560 [ 584]  0.0000 [ 585]  0.2894 [ 586]  0.0000 [ 587]  1.0108 
 31:   2  4  3
[ 588] 74.5764 [ 589] 10.5782 [ 590]  6.5751 [ 591]  0.0000 [ 592]  0.4346 [ 593]  0.0000 [ 594]  3.0000 
 32:   2  4  4
[ 595] 90.0000 [ 596] 41.1335 [ 597]  1.3912 [ 598]  0.0000 [ 599]  0.1000 [ 600]  0.0000 [ 601]  1.0596 
 33:   2  4  2
[ 602] 83.2464 [ 603] 11.7793 [ 604]  5.0092 [ 605]  0.0000 [ 606]  0.1777 [ 607]  0.0000 [ 608]  1.0711 
 34:   1  2  3
[ 609]  0.0000 [ 610] 16.8357 [ 611]  0.9686 [ 612]  0.0000 [ 613]  0.6225 [ 614]  0.0000 [ 615]  1.0384 
 35:   1  2  4
[ 616]  0.0000 [ 617] 16.8188 [ 618]  1.4585 [ 619]  0.0000 [ 620]  0.2078 [ 621]  0.0000 [ 622]  1.1171 
 36:   3  2  3
[ 623]  0.0000 [ 624]  1.0000 [ 625]  2.6859 [ 626]  0.0000 [ 627]  0.0000 [ 628]  0.0000 [ 629]  4.0000 
 37:   3  2  4
[ 630]  0.0000 [ 631] 18.3614 [ 632]  4.9976 [ 633]  0.0000 [ 634]  0.1224 [ 635]  0.0000 [ 636]  1.9411 
 38:   4  2  4
[ 637]  0.0000 [ 638] 20.0000 [ 639]  5.0000 [ 640]  0.0000 [ 641]  0.1460 [ 642]  0.0000 [ 643]  1.0000 
 39:   2  2  3
[ 644]  0.0000 [ 645]  5.8938 [ 646]  3.0000 [ 647]  0.0000 [ 648]  0.0000 [ 649]  0.0000 [ 650]  1.0629 
 40:   2  2  4
[ 651]  0.0000 [ 652]  0.0019 [ 653]  6.0000 [ 654]  0.0000 [ 655]  0.0000 [ 656]  0.0000 [ 657]  1.0400 
>> Done with three body interaction (40 types and 657 parameters)
6: 4-BODY PARAMETERS [294]
  1:   1  1  1  1: [ 658]  0.3619 [ 659]  5.0000 [ 660]  0.2257 [ 661] -9.0000 [ 662] -2.4400 [ 663]  0.0000 [ 664]  0.0000 
  2:   1  1  1  2: [ 665]  0.2330 [ 666] 56.0330 [ 667] -0.0369 [ 668] -6.3749 [ 669] -1.6179 [ 670]  0.0000 [ 671]  0.0000 
  3:   2  1  1  2: [ 672] -0.0662 [ 673] 44.7480 [ 674]  0.3945 [ 675] -6.5879 [ 676] -3.0000 [ 677]  0.0000 [ 678]  0.0000 
  4:   1  1  1  3: [ 679]  2.0985 [ 680] 80.0000 [ 681]  0.0984 [ 682] -5.8554 [ 683] -1.1000 [ 684]  0.0000 [ 685]  0.0000 
  5:   2  1  1  3: [ 686]  2.5000 [ 687] 19.7141 [ 688]  1.0000 [ 689] -6.7835 [ 690] -1.0978 [ 691]  0.0000 [ 692]  0.0000 
  6:   3  1  1  3: [ 693] -2.3605 [ 694] 29.3576 [ 695] -1.0000 [ 696] -2.5000 [ 697] -0.8614 [ 698]  0.0000 [ 699]  0.0000 
  7:   1  1  3  1: [ 700] -1.0000 [ 701] -5.0000 [ 702] -0.5000 [ 703] -2.5000 [ 704] -0.9000 [ 705]  0.0000 [ 706]  0.0000 
  8:   1  1  3  2: [ 707] -2.4164 [ 708]  5.0000 [ 709] -0.8158 [ 710] -9.0000 [ 711] -0.9000 [ 712]  0.0000 [ 713]  0.0000 
  9:   2  1  3  1: [ 714]  0.6012 [ 715] 60.3394 [ 716]  0.8034 [ 717] -9.0000 [ 718] -0.9000 [ 719]  0.0000 [ 720]  0.0000 
 10:   2  1  3  2: [ 721] -2.4308 [ 722] 80.0000 [ 723]  1.0000 [ 724] -3.9796 [ 725] -1.1000 [ 726]  0.0000 [ 727]  0.0000 
 11:   2  1  3  3: [ 728] -0.7523 [ 729]100.0000 [ 730]  1.0000 [ 731] -4.2517 [ 732] -2.8274 [ 733]  0.0000 [ 734]  0.0000 
 12:   3  1  3  1: [ 735] -2.5000 [ 736]  5.2291 [ 737] -1.0000 [ 738] -7.9957 [ 739] -3.0437 [ 740]  0.0000 [ 741]  0.0000 
 13:   3  1  3  2: [ 742]  2.5000 [ 743] 21.4033 [ 744] -0.7653 [ 745] -2.5000 [ 746] -3.0476 [ 747]  0.0000 [ 748]  0.0000 
 14:   1  3  3  2: [ 749] -2.5000 [ 750]  8.9548 [ 751] -1.0000 [ 752] -2.7194 [ 753] -2.9498 [ 754]  0.0000 [ 755]  0.0000 
 15:   2  3  3  2: [ 756] -2.5000 [ 757]-25.0000 [ 758] -1.0000 [ 759] -2.5000 [ 760]  0.0000 [ 761]  0.0000 [ 762]  0.0000 
 16:   1  3  3  3: [ 763]  2.4980 [ 764]-23.2133 [ 765]  0.9757 [ 766] -2.5000 [ 767] -0.9972 [ 768]  0.0000 [ 769]  0.0000 
 17:   2  3  3  3: [ 770] -0.5841 [ 771] 58.4202 [ 772] -0.6677 [ 773] -6.7360 [ 774]  0.0000 [ 775]  0.0000 [ 776]  0.0000 
 18:   3  3  3  3: [ 777] -2.5000 [ 778]-24.6965 [ 779]  1.0000 [ 780] -2.5551 [ 781] -0.9000 [ 782]  0.0000 [ 783]  0.0000 
 19:   1  1  4  2: [ 784]  0.0244 [ 785] 75.4064 [ 786]  0.3846 [ 787] -7.5031 [ 788] -1.9825 [ 789]  0.0000 [ 790]  0.0000 
 20:   2  1  4  2: [ 791] -0.7794 [ 792] 48.6352 [ 793]  0.2610 [ 794] -5.5335 [ 795] -2.1051 [ 796]  0.0000 [ 797]  0.0000 
 21:   3  1  4  2: [ 798]  1.0000 [ 799] 20.4656 [ 800]  1.0000 [ 801] -3.8676 [ 802] -2.5261 [ 803]  0.0000 [ 804]  0.0000 
 22:   3  1  1  4: [ 805] -0.9880 [ 806]  8.6101 [ 807]  1.0000 [ 808] -2.5000 [ 809] -0.9511 [ 810]  0.0000 [ 811]  0.0000 
 23:   4  1  1  4: [ 812] -0.3655 [ 813] 20.5499 [ 814] -0.5000 [ 815] -3.4432 [ 816] -1.7241 [ 817]  0.0000 [ 818]  0.0000 
 24:   1  1  4  1: [ 819] -0.2067 [ 820] 34.6291 [ 821]  0.2986 [ 822] -5.5465 [ 823] -1.6589 [ 824]  0.0000 [ 825]  0.0000 
 25:   3  1  4  1: [ 826] -0.8383 [ 827] 20.7675 [ 828]  1.0000 [ 829] -8.0000 [ 830] -1.8038 [ 831]  0.0000 [ 832]  0.0000 
 26:   2  1  1  4: [ 833]  1.0000 [ 834]  0.0100 [ 835]  0.6954 [ 836] -2.5000 [ 837] -1.9000 [ 838]  0.0000 [ 839]  0.0000 
 27:   4  1  4  2: [ 840]  0.6604 [ 841] 53.3623 [ 842] -0.3473 [ 843] -4.0226 [ 844] -2.0202 [ 845]  0.0000 [ 846]  0.0000 
 28:   2  1  4  1: [ 847]  0.7622 [ 848] 70.4937 [ 849]  0.2270 [ 850] -5.3819 [ 851] -0.0965 [ 852]  0.0000 [ 853]  0.0000 
 29:   4  1  3  1: [ 854] -0.0727 [ 855] 18.9201 [ 856] -0.5000 [ 857] -2.5000 [ 858] -3.0437 [ 859]  0.0000 [ 860]  0.0000 
 30:   4  1  3  2: [ 861] -0.4860 [ 862] -0.4199 [ 863] -0.5000 [ 864] -6.7056 [ 865] -3.0476 [ 866]  0.0000 [ 867]  0.0000 
 31:   1  1  1  4: [ 868]  0.9135 [ 869] -5.0000 [ 870]  1.0000 [ 871] -6.9809 [ 872] -2.0000 [ 873]  0.0000 [ 874]  0.0000 
 32:   4  1  4  1: [ 875] -0.8907 [ 876] 11.2771 [ 877]  0.6391 [ 878] -6.8467 [ 879] -2.0051 [ 880]  0.0000 [ 881]  0.0000 
 33:   0  1  2  0: [ 882]  0.0000 [ 883]  0.0000 [ 884]  0.0000 [ 885] -4.0000 [ 886]  0.0000 [ 887]  0.0000 [ 888]  0.0000 
 34:   0  2  2  0: [ 889]  0.0000 [ 890]  0.0000 [ 891]  0.0000 [ 892] -4.0000 [ 893]  0.0000 [ 894]  0.0000 [ 895]  0.0000 
 35:   0  2  3  0: [ 896]  0.0000 [ 897]  0.1000 [ 898]  0.0200 [ 899] -4.0000 [ 900]  0.0000 [ 901]  0.0000 [ 902]  0.0000 
 36:   0  1  1  0: [ 903]  0.0000 [ 904] 50.0000 [ 905]  0.3000 [ 906] -4.0000 [ 907] -2.0000 [ 908]  0.0000 [ 909]  0.0000 
 37:   0  3  3  0: [ 910]  0.5511 [ 911] 25.4150 [ 912]  1.1330 [ 913] -5.1903 [ 914] -1.0000 [ 915]  0.0000 [ 916]  0.0000 
 38:   0  1  4  0: [ 917]  0.2176 [ 918] 40.4126 [ 919]  0.3535 [ 920] -3.9875 [ 921] -2.0051 [ 922]  0.0000 [ 923]  0.0000 
 39:   0  2  4  0: [ 924]  0.0000 [ 925]  0.1000 [ 926]  0.0100 [ 927] -5.0000 [ 928]  0.0000 [ 929]  0.0000 [ 930]  0.0000 
 40:   0  3  4  0: [ 931]  1.1397 [ 932] 61.3225 [ 933]  0.5139 [ 934] -3.8507 [ 935] -2.7831 [ 936]  0.0000 [ 937]  0.0000 
 41:   0  4  4  0: [ 938]  0.7265 [ 939] 44.3155 [ 940]  1.0000 [ 941] -4.4046 [ 942] -2.0000 [ 943]  0.0000 [ 944]  0.0000 
 42:   4  1  4  4: [ 945] -0.0949 [ 946]  8.7582 [ 947]  0.3310 [ 948] -7.9430 [ 949] -2.0000 [ 950]  0.0000 [ 951]  0.0000 
>> Done with 4-BODY interactions (42 types and 951 parameters)
7: H-BOND PARAMETERS [16]
  1:   3  2  3: [ 952]  2.1493 [ 953] -3.8387 [ 954]  1.5230 [ 955] 28.0017 
  2:   3  2  4: [ 956]  2.0315 [ 957] -6.5000 [ 958]  1.4500 [ 959] 19.5000 
  3:   4  2  3: [ 960]  1.7500 [ 961] -2.3430 [ 962]  1.4500 [ 963] 19.5000 
  4:   4  2  4: [ 964]  1.8992 [ 965] -2.6374 [ 966]  1.4500 [ 967] 19.5000 
>> Done with H-BOND interaction (4 types and 967 parameters)
>> Read in 967 parameters from ffield
2, READING PARAMETERS FILE:  params ...
--> ATOMS: change entry 1, parameter 33 [with global index 72] within [0.000100:0.000100]
--> ATOMS: change entry 1, parameter 34 [with global index 73] within [1.923575:1.927425]
--> ATOMS: change entry 2, parameter 33 [with global index 106] within [0.000100:0.000100]
--> ATOMS: change entry 2, parameter 34 [with global index 107] within [1.441557:1.444443]
--> ATOMS: change entry 3, parameter 33 [with global index 140] within [623.217858:624.465542]
--> ATOMS: change entry 3, parameter 34 [with global index 141] within [1.748250:1.751750]
--> ATOMS: change entry 4, parameter 33 [with global index 174] within [1238.760999:1241.241001]
--> ATOMS: change entry 4, parameter 34 [with global index 175] within [1.828170:1.831830]
--> OFF-DIAGONALS: change entry 1, parameter 7 [with global index 342] within [0.000000:0.000000]
--> OFF-DIAGONALS: change entry 2, parameter 7 [with global index 349] within [631.218150:632.481850]
--> OFF-DIAGONALS: change entry 3, parameter 7 [with global index 356] within [0.000000:0.000000]
--> OFF-DIAGONALS: change entry 4, parameter 7 [with global index 363] within [649.350000:650.650000]
--> OFF-DIAGONALS: change entry 5, parameter 7 [with global index 370] within [294.655050:295.244950]
--> OFF-DIAGONALS: change entry 6, parameter 7 [with global index 377] within [879.120000:880.880000]
3, READING TRAIN FILE ...
-->in LG_trainset_0227 dir,   2 train file
4, RUNNING NSGA2 TO OPTIMIZE GOOD LUCK ...
